[['BQMall_832x480_60.yuv  ', 32.253135330539, 31.30756352860555, 0.0, 0.0, 0.945571801933454, 0.945571801933454], ['BQSquare_416x240_60.yuv  ', 29.178206702521724, 28.248972121862483, 0.0, 0.0, 0.9292345806592408, 0.9292345806592408], ['BQTerrace_1920x1080_60.yuv  ', 32.01187369354504, 31.408796412785478, 0.0, 0.0, 0.6030772807595639, 0.6030772807595639], ['BasketballDrill_832x480_50.yuv  ', 32.33704263676381, 31.574495080657794, 0.0, 0.0, 0.7625475561060178, 0.7625475561060178], ['BasketballDrive_1920x1080_50.yuv  ', 33.9690244298725, 33.21880200301058, 0.0, 0.0, 0.7502224268619173, 0.7502224268619173], ['BasketballPass_416x240_50.yuv  ', 31.44972438460245, 30.440351655015224, 0.0, 0.0, 1.009372729587227, 1.009372729587227], ['BlowingBubbles_416x240_50.yuv  ', 28.47414805619354, 27.79229987409535, 0.0, 0.0, 0.6818481820981894, 0.6818481820981894], ['Cactus_1920x1080_50.yuv  ', 32.954184209509656, 32.19948201565354, 0.0, 0.0, 0.7547021938561187, 0.7547021938561187], ['FourPeople_1280x720_60.yuv  ', 35.5809371251228, 34.58619262164127, 0.0, 0.0, 0.9947445034815345, 0.9947445034815345], ['Johnny_1280x720_60.yuv  ', 37.24099553933862, 36.33936036930136, 0.0, 0.0, 0.9016351700372596, 0.9016351700372596], ['Kimono1_1920x1080_24.yuv  ', 35.274087765018905, 34.39805381800154, 0.0, 0.0, 0.8760339470173619, 0.8760339470173619], ['KristenAndSara_1280x720_60.yuv  ', 36.88612945952546, 35.87331973108082, 0.0, 0.0, 1.012809728444644, 1.012809728444644], ['ParkScene_1920x1080_24.yuv  ', 32.12643916310358, 31.570590507399444, 0.0, 0.0, 0.5558486557041391, 0.5558486557041391], ['PartyScene_832x480_50.yuv  ', 28.422560505538755, 27.787979080148567, 0.0, 0.0, 0.6345814253901878, 0.6345814253901878], ['PeopleOnStreet_2560x1600_30.yuv  ', 32.65780050768659, 31.372766303188712, 0.0, 0.0, 1.285034204497876, 1.285034204497876], ['RaceHorses_416x240_30.yuv  ', 30.050760445423677, 29.307445097897983, 0.0, 0.0, 0.7433153475256944, 0.7433153475256944], ['RaceHorses_832x480_30.yuv  ', 30.52401324149792, 30.066503880050234, 0.0, 0.0, 0.45750936144768417, 0.45750936144768417], ['Traffic_2560x1600_30.yuv  ', 33.872900530970114, 33.16042914761969, 0.0, 0.0, 0.7124713833504259, 0.7124713833504259]]
BQMall_832x480_60.yuv  
BQSquare_416x240_60.yuv  
BQTerrace_1920x1080_60.yuv  
BasketballDrill_832x480_50.yuv  
BasketballDrive_1920x1080_50.yuv  
BasketballPass_416x240_50.yuv  
BlowingBubbles_416x240_50.yuv  
Cactus_1920x1080_50.yuv  
FourPeople_1280x720_60.yuv  
Johnny_1280x720_60.yuv  
Kimono1_1920x1080_24.yuv  
KristenAndSara_1280x720_60.yuv  
ParkScene_1920x1080_24.yuv  
PartyScene_832x480_50.yuv  
PeopleOnStreet_2560x1600_30.yuv  
RaceHorses_416x240_30.yuv  
RaceHorses_832x480_30.yuv  
Traffic_2560x1600_30.yuv  
0.9456
0.9292
0.6031
0.7625
0.7502
1.0094
0.6818
0.7547
0.9947
0.9016
0.8760
1.0128
0.5558
0.6346
1.2850
0.7433
0.4575
0.7125
