[['BQMall_832x480_60.yuv  ', 32.429989729156325, 31.30756352860555, 0.0, 0.0, 1.1224262005507768, 1.1224262005507768], ['BQSquare_416x240_60.yuv  ', 29.272319324993283, 28.248972121862483, 0.0, 0.0, 1.0233472031308004, 1.0233472031308004], ['BQTerrace_1920x1080_60.yuv  ', 32.078327973534236, 31.408796412785478, 0.0, 0.0, 0.6695315607487586, 0.6695315607487586], ['BasketballDrill_832x480_50.yuv  ', 32.465820070394955, 31.574495080657794, 0.0, 0.0, 0.8913249897371607, 0.8913249897371607], ['BasketballDrive_1920x1080_50.yuv  ', 34.1307468725898, 33.21880200301058, 0.0, 0.0, 0.9119448695792229, 0.9119448695792229], ['BasketballPass_416x240_50.yuv  ', 31.654494470396745, 30.440351655015224, 0.0, 0.0, 1.2141428153815212, 1.2141428153815212], ['BlowingBubbles_416x240_50.yuv  ', 28.530099978568156, 27.79229987409535, 0.0, 0.0, 0.7378001044728073, 0.7378001044728073], ['Cactus_1920x1080_50.yuv  ', 33.020374786641995, 32.19948201565354, 0.0, 0.0, 0.8208927709884577, 0.8208927709884577], ['FourPeople_1280x720_60.yuv  ', 35.56758400315356, 34.58619262164127, 0.0, 0.0, 0.9813913815122959, 0.9813913815122959], ['Johnny_1280x720_60.yuv  ', 37.17264886308474, 36.33936036930136, 0.0, 0.0, 0.8332884937833782, 0.8332884937833782], ['Kimono1_1920x1080_24.yuv  ', 35.42442307688667, 34.39805381800154, 0.0, 0.0, 1.0263692588851256, 1.0263692588851256], ['KristenAndSara_1280x720_60.yuv  ', 36.85324492728831, 35.87331973108082, 0.0, 0.0, 0.9799251962074891, 0.9799251962074891], ['ParkScene_1920x1080_24.yuv  ', 32.21347995338765, 31.570590507399444, 0.0, 0.0, 0.6428894459882031, 0.6428894459882031], ['PartyScene_832x480_50.yuv  ', 28.47964505132471, 27.787979080148567, 0.0, 0.0, 0.6916659711761426, 0.6916659711761426], ['PeopleOnStreet_2560x1600_30.yuv  ', 32.81253908894064, 31.372766303188712, 0.0, 0.0, 1.4397727857519271, 1.4397727857519271], ['RaceHorses_416x240_30.yuv  ', 30.28174418059352, 29.307445097897983, 0.0, 0.0, 0.9742990826955378, 0.9742990826955378], ['RaceHorses_832x480_30.yuv  ', 30.70163966692919, 30.066503880050234, 0.0, 0.0, 0.6351357868789549, 0.6351357868789549], ['Traffic_2560x1600_30.yuv  ', 33.91024685726793, 33.16042914761969, 0.0, 0.0, 0.7498177096482408, 0.7498177096482408]]
BQMall_832x480_60.yuv  
BQSquare_416x240_60.yuv  
BQTerrace_1920x1080_60.yuv  
BasketballDrill_832x480_50.yuv  
BasketballDrive_1920x1080_50.yuv  
BasketballPass_416x240_50.yuv  
BlowingBubbles_416x240_50.yuv  
Cactus_1920x1080_50.yuv  
FourPeople_1280x720_60.yuv  
Johnny_1280x720_60.yuv  
Kimono1_1920x1080_24.yuv  
KristenAndSara_1280x720_60.yuv  
ParkScene_1920x1080_24.yuv  
PartyScene_832x480_50.yuv  
PeopleOnStreet_2560x1600_30.yuv  
RaceHorses_416x240_30.yuv  
RaceHorses_832x480_30.yuv  
Traffic_2560x1600_30.yuv  
1.1224
1.0233
0.6695
0.8913
0.9119
1.2141
0.7378
0.8209
0.9814
0.8333
1.0264
0.9799
0.6429
0.6917
1.4398
0.9743
0.6351
0.7498
